
212436
761468
215833
215973_SUPPL-24
211312
217650_ORIG-1
216915
212068
218276
220641
208573
761460
761508
214236
761485
216068
217806
220413
215820
761334
761068
220448
218035
220465
216579
214733
221104_ORIG-1
213246
761105
215985
761394
761486
209935
761055
761369
217497
219283
761508_ORIG-1
761320
215866_SUPPL-45
215430
202811
217734
220437
208716
215974_SUPPL-17
211000
217180
761530
219346
209092
212069
220910_ORIG-1
219099
218160
220910
220444
207103
220934
218300
761306
221075
761139
219121
022472
218197
213234_ORIG-1
215866_SUPPL-44
217806_SUPPL-41
220185
219908
208081_SUPPL-40